36,13,6GuKHugGQRR7xK3WlGR2M4pbREA=,Fr06QEAEo3Zbk9IGe0LQyCc7P0E=
35,13,6GuKHugGQRR7xK3WlGR2M4pbREA=,Fr06QEAEo3Zbk9IGe0LQyCc7P0E=
34,13,6GuKHugGQRR7xK3WlGR2M4pbREA=,Fr06QEAEo3Zbk9IGe0LQyCc7P0E=
33,13,hnTWVxlBAmhOT/+5sm39CSgYBPA=,Fr06QEAEo3Zbk9IGe0LQyCc7P0E=
38,12,WhmrPH0miSel90TNaT+JUiO2FfU=,Fr06QEAEo3Zbk9IGe0LQyCc7P0E=
37,12,lh6Nv3f5mWA4NGV1S134oaR2ZfU=,Fr06QEAEo3Zbk9IGe0LQyCc7P0E=
36,12,HODfMEpiSg1nv2vN22yaaaqqpz8=,Fr06QEAEo3Zbk9IGe0LQyCc7P0E=
35,12,HODfMEpiSg1nv2vN22yaaaqqpz8=,Fr06QEAEo3Zbk9IGe0LQyCc7P0E=
34,12,HODfMEpiSg1nv2vN22yaaaqqpz8=,Fr06QEAEo3Zbk9IGe0LQyCc7P0E=
38,11,9Y8FwncK8RGjrjjV7MqHxLTFSMs=,Fr06QEAEo3Zbk9IGe0LQyCc7P0E=
36,11,9Y8FwncK8RGjrjjV7MqHxLTFSMs=,Fr06QEAEo3Zbk9IGe0LQyCc7P0E=
37,11,9Y8FwncK8RGjrjjV7MqHxLTFSMs=,Fr06QEAEo3Zbk9IGe0LQyCc7P0E=
35,11,9Y8FwncK8RGjrjjV7MqHxLTFSMs=,Fr06QEAEo3Zbk9IGe0LQyCc7P0E=
34,11,9Y8FwncK8RGjrjjV7MqHxLTFSMs=,Fr06QEAEo3Zbk9IGe0LQyCc7P0E=
33,11,9Y8FwncK8RGjrjjV7MqHxLTFSMs=,Fr06QEAEo3Zbk9IGe0LQyCc7P0E=
38,10,9Y8FwncK8RGjrjjV7MqHxLTFSMs=,Fr06QEAEo3Zbk9IGe0LQyCc7P0E=
37,10,9Y8FwncK8RGjrjjV7MqHxLTFSMs=,Fr06QEAEo3Zbk9IGe0LQyCc7P0E=
36,10,9Y8FwncK8RGjrjjV7MqHxLTFSMs=,Fr06QEAEo3Zbk9IGe0LQyCc7P0E=
35,10,9Y8FwncK8RGjrjjV7MqHxLTFSMs=,Fr06QEAEo3Zbk9IGe0LQyCc7P0E=
34,10,9Y8FwncK8RGjrjjV7MqHxLTFSMs=,Fr06QEAEo3Zbk9IGe0LQyCc7P0E=
33,10,9Y8FwncK8RGjrjjV7MqHxLTFSMs=,Fr06QEAEo3Zbk9IGe0LQyCc7P0E=
38,9,9Y8FwncK8RGjrjjV7MqHxLTFSMs=,Fr06QEAEo3Zbk9IGe0LQyCc7P0E=
37,9,9Y8FwncK8RGjrjjV7MqHxLTFSMs=,Fr06QEAEo3Zbk9IGe0LQyCc7P0E=
36,9,9Y8FwncK8RGjrjjV7MqHxLTFSMs=,Fr06QEAEo3Zbk9IGe0LQyCc7P0E=
35,9,9Y8FwncK8RGjrjjV7MqHxLTFSMs=,Fr06QEAEo3Zbk9IGe0LQyCc7P0E=
34,9,9Y8FwncK8RGjrjjV7MqHxLTFSMs=,Fr06QEAEo3Zbk9IGe0LQyCc7P0E=
33,9,9Y8FwncK8RGjrjjV7MqHxLTFSMs=,Fr06QEAEo3Zbk9IGe0LQyCc7P0E=
38,14,9Y8FwncK8RGjrjjV7MqHxLTFSMs=,Fr06QEAEo3Zbk9IGe0LQyCc7P0E=
37,14,9Y8FwncK8RGjrjjV7MqHxLTFSMs=,Fr06QEAEo3Zbk9IGe0LQyCc7P0E=
33,12,9Y8FwncK8RGjrjjV7MqHxLTFSMs=,Fr06QEAEo3Zbk9IGe0LQyCc7P0E=
36,14,9Y8FwncK8RGjrjjV7MqHxLTFSMs=,Fr06QEAEo3Zbk9IGe0LQyCc7P0E=
35,14,9Y8FwncK8RGjrjjV7MqHxLTFSMs=,Fr06QEAEo3Zbk9IGe0LQyCc7P0E=
34,14,9Y8FwncK8RGjrjjV7MqHxLTFSMs=,Fr06QEAEo3Zbk9IGe0LQyCc7P0E=
33,14,9Y8FwncK8RGjrjjV7MqHxLTFSMs=,Fr06QEAEo3Zbk9IGe0LQyCc7P0E=
38,13,9Y8FwncK8RGjrjjV7MqHxLTFSMs=,Fr06QEAEo3Zbk9IGe0LQyCc7P0E=
37,13,9Y8FwncK8RGjrjjV7MqHxLTFSMs=,Fr06QEAEo3Zbk9IGe0LQyCc7P0E=
44,3,9Y8FwncK8RGjrjjV7MqHxLTFSMs=,sneqipXqAYGpOr9+3UZagGHnMwU=
45,3,9Y8FwncK8RGjrjjV7MqHxLTFSMs=,sneqipXqAYGpOr9+3UZagGHnMwU=
46,3,9Y8FwncK8RGjrjjV7MqHxLTFSMs=,sneqipXqAYGpOr9+3UZagGHnMwU=
47,3,9Y8FwncK8RGjrjjV7MqHxLTFSMs=,sneqipXqAYGpOr9+3UZagGHnMwU=
41,4,9Y8FwncK8RGjrjjV7MqHxLTFSMs=,sneqipXqAYGpOr9+3UZagGHnMwU=
42,4,9Y8FwncK8RGjrjjV7MqHxLTFSMs=,sneqipXqAYGpOr9+3UZagGHnMwU=
43,3,9Y8FwncK8RGjrjjV7MqHxLTFSMs=,sneqipXqAYGpOr9+3UZagGHnMwU=
43,4,9Y8FwncK8RGjrjjV7MqHxLTFSMs=,sneqipXqAYGpOr9+3UZagGHnMwU=
44,4,9Y8FwncK8RGjrjjV7MqHxLTFSMs=,sneqipXqAYGpOr9+3UZagGHnMwU=
45,4,9Y8FwncK8RGjrjjV7MqHxLTFSMs=,sneqipXqAYGpOr9+3UZagGHnMwU=
46,4,9Y8FwncK8RGjrjjV7MqHxLTFSMs=,sneqipXqAYGpOr9+3UZagGHnMwU=
42,3,9Y8FwncK8RGjrjjV7MqHxLTFSMs=,sneqipXqAYGpOr9+3UZagGHnMwU=
47,4,9Y8FwncK8RGjrjjV7MqHxLTFSMs=,sneqipXqAYGpOr9+3UZagGHnMwU=
41,5,9Y8FwncK8RGjrjjV7MqHxLTFSMs=,sneqipXqAYGpOr9+3UZagGHnMwU=
41,3,9Y8FwncK8RGjrjjV7MqHxLTFSMs=,sneqipXqAYGpOr9+3UZagGHnMwU=
42,5,9Y8FwncK8RGjrjjV7MqHxLTFSMs=,sneqipXqAYGpOr9+3UZagGHnMwU=
43,5,9Y8FwncK8RGjrjjV7MqHxLTFSMs=,sneqipXqAYGpOr9+3UZagGHnMwU=
44,5,9Y8FwncK8RGjrjjV7MqHxLTFSMs=,sneqipXqAYGpOr9+3UZagGHnMwU=
45,5,9Y8FwncK8RGjrjjV7MqHxLTFSMs=,sneqipXqAYGpOr9+3UZagGHnMwU=
47,2,9Y8FwncK8RGjrjjV7MqHxLTFSMs=,sneqipXqAYGpOr9+3UZagGHnMwU=
46,2,9Y8FwncK8RGjrjjV7MqHxLTFSMs=,sneqipXqAYGpOr9+3UZagGHnMwU=
46,5,9Y8FwncK8RGjrjjV7MqHxLTFSMs=,sneqipXqAYGpOr9+3UZagGHnMwU=
45,2,9Y8FwncK8RGjrjjV7MqHxLTFSMs=,sneqipXqAYGpOr9+3UZagGHnMwU=
47,6,9Y8FwncK8RGjrjjV7MqHxLTFSMs=,sneqipXqAYGpOr9+3UZagGHnMwU=
47,5,9Y8FwncK8RGjrjjV7MqHxLTFSMs=,sneqipXqAYGpOr9+3UZagGHnMwU=
41,1,9Y8FwncK8RGjrjjV7MqHxLTFSMs=,sneqipXqAYGpOr9+3UZagGHnMwU=
44,2,9Y8FwncK8RGjrjjV7MqHxLTFSMs=,sneqipXqAYGpOr9+3UZagGHnMwU=
43,2,9Y8FwncK8RGjrjjV7MqHxLTFSMs=,sneqipXqAYGpOr9+3UZagGHnMwU=
46,6,9Y8FwncK8RGjrjjV7MqHxLTFSMs=,sneqipXqAYGpOr9+3UZagGHnMwU=
42,1,9Y8FwncK8RGjrjjV7MqHxLTFSMs=,sneqipXqAYGpOr9+3UZagGHnMwU=
45,6,9Y8FwncK8RGjrjjV7MqHxLTFSMs=,sneqipXqAYGpOr9+3UZagGHnMwU=
44,6,9Y8FwncK8RGjrjjV7MqHxLTFSMs=,sneqipXqAYGpOr9+3UZagGHnMwU=
43,1,9Y8FwncK8RGjrjjV7MqHxLTFSMs=,sneqipXqAYGpOr9+3UZagGHnMwU=
44,1,9Y8FwncK8RGjrjjV7MqHxLTFSMs=,sneqipXqAYGpOr9+3UZagGHnMwU=
45,1,9Y8FwncK8RGjrjjV7MqHxLTFSMs=,sneqipXqAYGpOr9+3UZagGHnMwU=
46,1,9Y8FwncK8RGjrjjV7MqHxLTFSMs=,sneqipXqAYGpOr9+3UZagGHnMwU=
43,6,9Y8FwncK8RGjrjjV7MqHxLTFSMs=,sneqipXqAYGpOr9+3UZagGHnMwU=
47,1,9Y8FwncK8RGjrjjV7MqHxLTFSMs=,sneqipXqAYGpOr9+3UZagGHnMwU=
42,6,9Y8FwncK8RGjrjjV7MqHxLTFSMs=,sneqipXqAYGpOr9+3UZagGHnMwU=
41,2,9Y8FwncK8RGjrjjV7MqHxLTFSMs=,sneqipXqAYGpOr9+3UZagGHnMwU=
41,6,9Y8FwncK8RGjrjjV7MqHxLTFSMs=,sneqipXqAYGpOr9+3UZagGHnMwU=
42,2,9Y8FwncK8RGjrjjV7MqHxLTFSMs=,sneqipXqAYGpOr9+3UZagGHnMwU=
47,7,9Y8FwncK8RGjrjjV7MqHxLTFSMs=,sneqipXqAYGpOr9+3UZagGHnMwU=
43,11,9Y8FwncK8RGjrjjV7MqHxLTFSMs=,TjX/BGRjlNqoYJ0HR7ZoM/rOmMw=
41,0,9Y8FwncK8RGjrjjV7MqHxLTFSMs=,sneqipXqAYGpOr9+3UZagGHnMwU=
42,0,9Y8FwncK8RGjrjjV7MqHxLTFSMs=,sneqipXqAYGpOr9+3UZagGHnMwU=
43,0,9Y8FwncK8RGjrjjV7MqHxLTFSMs=,sneqipXqAYGpOr9+3UZagGHnMwU=
44,0,9Y8FwncK8RGjrjjV7MqHxLTFSMs=,sneqipXqAYGpOr9+3UZagGHnMwU=
45,0,9Y8FwncK8RGjrjjV7MqHxLTFSMs=,sneqipXqAYGpOr9+3UZagGHnMwU=
46,0,9Y8FwncK8RGjrjjV7MqHxLTFSMs=,sneqipXqAYGpOr9+3UZagGHnMwU=
44,11,9Y8FwncK8RGjrjjV7MqHxLTFSMs=,TjX/BGRjlNqoYJ0HR7ZoM/rOmMw=
45,11,9Y8FwncK8RGjrjjV7MqHxLTFSMs=,TjX/BGRjlNqoYJ0HR7ZoM/rOmMw=
46,11,9Y8FwncK8RGjrjjV7MqHxLTFSMs=,TjX/BGRjlNqoYJ0HR7ZoM/rOmMw=
47,11,9Y8FwncK8RGjrjjV7MqHxLTFSMs=,TjX/BGRjlNqoYJ0HR7ZoM/rOmMw=
40,12,9Y8FwncK8RGjrjjV7MqHxLTFSMs=,TjX/BGRjlNqoYJ0HR7ZoM/rOmMw=
41,12,9Y8FwncK8RGjrjjV7MqHxLTFSMs=,TjX/BGRjlNqoYJ0HR7ZoM/rOmMw=
39,13,9Y8FwncK8RGjrjjV7MqHxLTFSMs=,Fr06QEAEo3Zbk9IGe0LQyCc7P0E=
42,12,9Y8FwncK8RGjrjjV7MqHxLTFSMs=,TjX/BGRjlNqoYJ0HR7ZoM/rOmMw=
43,12,9Y8FwncK8RGjrjjV7MqHxLTFSMs=,TjX/BGRjlNqoYJ0HR7ZoM/rOmMw=
44,12,9Y8FwncK8RGjrjjV7MqHxLTFSMs=,TjX/BGRjlNqoYJ0HR7ZoM/rOmMw=
45,12,9Y8FwncK8RGjrjjV7MqHxLTFSMs=,TjX/BGRjlNqoYJ0HR7ZoM/rOmMw=
46,12,9Y8FwncK8RGjrjjV7MqHxLTFSMs=,TjX/BGRjlNqoYJ0HR7ZoM/rOmMw=
47,12,9Y8FwncK8RGjrjjV7MqHxLTFSMs=,TjX/BGRjlNqoYJ0HR7ZoM/rOmMw=
39,14,9Y8FwncK8RGjrjjV7MqHxLTFSMs=,Fr06QEAEo3Zbk9IGe0LQyCc7P0E=
41,13,9Y8FwncK8RGjrjjV7MqHxLTFSMs=,TjX/BGRjlNqoYJ0HR7ZoM/rOmMw=
40,13,9Y8FwncK8RGjrjjV7MqHxLTFSMs=,TjX/BGRjlNqoYJ0HR7ZoM/rOmMw=
43,13,9Y8FwncK8RGjrjjV7MqHxLTFSMs=,TjX/BGRjlNqoYJ0HR7ZoM/rOmMw=
42,13,9Y8FwncK8RGjrjjV7MqHxLTFSMs=,TjX/BGRjlNqoYJ0HR7ZoM/rOmMw=
44,13,9Y8FwncK8RGjrjjV7MqHxLTFSMs=,TjX/BGRjlNqoYJ0HR7ZoM/rOmMw=
45,13,9Y8FwncK8RGjrjjV7MqHxLTFSMs=,TjX/BGRjlNqoYJ0HR7ZoM/rOmMw=
46,13,9Y8FwncK8RGjrjjV7MqHxLTFSMs=,TjX/BGRjlNqoYJ0HR7ZoM/rOmMw=
47,13,9Y8FwncK8RGjrjjV7MqHxLTFSMs=,TjX/BGRjlNqoYJ0HR7ZoM/rOmMw=
40,14,9Y8FwncK8RGjrjjV7MqHxLTFSMs=,TjX/BGRjlNqoYJ0HR7ZoM/rOmMw=
41,8,9Y8FwncK8RGjrjjV7MqHxLTFSMs=,TjX/BGRjlNqoYJ0HR7ZoM/rOmMw=
42,8,9Y8FwncK8RGjrjjV7MqHxLTFSMs=,TjX/BGRjlNqoYJ0HR7ZoM/rOmMw=
43,8,9Y8FwncK8RGjrjjV7MqHxLTFSMs=,TjX/BGRjlNqoYJ0HR7ZoM/rOmMw=
45,8,9Y8FwncK8RGjrjjV7MqHxLTFSMs=,TjX/BGRjlNqoYJ0HR7ZoM/rOmMw=
44,8,9Y8FwncK8RGjrjjV7MqHxLTFSMs=,TjX/BGRjlNqoYJ0HR7ZoM/rOmMw=
39,9,9Y8FwncK8RGjrjjV7MqHxLTFSMs=,Fr06QEAEo3Zbk9IGe0LQyCc7P0E=
46,8,9Y8FwncK8RGjrjjV7MqHxLTFSMs=,TjX/BGRjlNqoYJ0HR7ZoM/rOmMw=
42,14,9Y8FwncK8RGjrjjV7MqHxLTFSMs=,TjX/BGRjlNqoYJ0HR7ZoM/rOmMw=
41,14,9Y8FwncK8RGjrjjV7MqHxLTFSMs=,TjX/BGRjlNqoYJ0HR7ZoM/rOmMw=
43,14,9Y8FwncK8RGjrjjV7MqHxLTFSMs=,TjX/BGRjlNqoYJ0HR7ZoM/rOmMw=
47,8,9Y8FwncK8RGjrjjV7MqHxLTFSMs=,TjX/BGRjlNqoYJ0HR7ZoM/rOmMw=
41,9,9Y8FwncK8RGjrjjV7MqHxLTFSMs=,TjX/BGRjlNqoYJ0HR7ZoM/rOmMw=
40,9,9Y8FwncK8RGjrjjV7MqHxLTFSMs=,TjX/BGRjlNqoYJ0HR7ZoM/rOmMw=
44,14,9Y8FwncK8RGjrjjV7MqHxLTFSMs=,TjX/BGRjlNqoYJ0HR7ZoM/rOmMw=
42,9,9Y8FwncK8RGjrjjV7MqHxLTFSMs=,TjX/BGRjlNqoYJ0HR7ZoM/rOmMw=
43,9,9Y8FwncK8RGjrjjV7MqHxLTFSMs=,TjX/BGRjlNqoYJ0HR7ZoM/rOmMw=
46,9,9Y8FwncK8RGjrjjV7MqHxLTFSMs=,TjX/BGRjlNqoYJ0HR7ZoM/rOmMw=
47,9,9Y8FwncK8RGjrjjV7MqHxLTFSMs=,TjX/BGRjlNqoYJ0HR7ZoM/rOmMw=
45,9,9Y8FwncK8RGjrjjV7MqHxLTFSMs=,TjX/BGRjlNqoYJ0HR7ZoM/rOmMw=
40,10,9Y8FwncK8RGjrjjV7MqHxLTFSMs=,TjX/BGRjlNqoYJ0HR7ZoM/rOmMw=
44,9,9Y8FwncK8RGjrjjV7MqHxLTFSMs=,TjX/BGRjlNqoYJ0HR7ZoM/rOmMw=
41,10,9Y8FwncK8RGjrjjV7MqHxLTFSMs=,TjX/BGRjlNqoYJ0HR7ZoM/rOmMw=
42,10,9Y8FwncK8RGjrjjV7MqHxLTFSMs=,TjX/BGRjlNqoYJ0HR7ZoM/rOmMw=
43,10,9Y8FwncK8RGjrjjV7MqHxLTFSMs=,TjX/BGRjlNqoYJ0HR7ZoM/rOmMw=
44,10,9Y8FwncK8RGjrjjV7MqHxLTFSMs=,TjX/BGRjlNqoYJ0HR7ZoM/rOmMw=
46,10,9Y8FwncK8RGjrjjV7MqHxLTFSMs=,TjX/BGRjlNqoYJ0HR7ZoM/rOmMw=
45,10,9Y8FwncK8RGjrjjV7MqHxLTFSMs=,TjX/BGRjlNqoYJ0HR7ZoM/rOmMw=
46,14,9Y8FwncK8RGjrjjV7MqHxLTFSMs=,TjX/BGRjlNqoYJ0HR7ZoM/rOmMw=
47,14,9Y8FwncK8RGjrjjV7MqHxLTFSMs=,TjX/BGRjlNqoYJ0HR7ZoM/rOmMw=
41,15,9Y8FwncK8RGjrjjV7MqHxLTFSMs=,TjX/BGRjlNqoYJ0HR7ZoM/rOmMw=
45,14,9Y8FwncK8RGjrjjV7MqHxLTFSMs=,TjX/BGRjlNqoYJ0HR7ZoM/rOmMw=
39,10,9Y8FwncK8RGjrjjV7MqHxLTFSMs=,Fr06QEAEo3Zbk9IGe0LQyCc7P0E=
42,7,9Y8FwncK8RGjrjjV7MqHxLTFSMs=,sneqipXqAYGpOr9+3UZagGHnMwU=
39,11,9Y8FwncK8RGjrjjV7MqHxLTFSMs=,Fr06QEAEo3Zbk9IGe0LQyCc7P0E=
43,7,9Y8FwncK8RGjrjjV7MqHxLTFSMs=,sneqipXqAYGpOr9+3UZagGHnMwU=
42,15,9Y8FwncK8RGjrjjV7MqHxLTFSMs=,TjX/BGRjlNqoYJ0HR7ZoM/rOmMw=
44,7,9Y8FwncK8RGjrjjV7MqHxLTFSMs=,sneqipXqAYGpOr9+3UZagGHnMwU=
47,10,9Y8FwncK8RGjrjjV7MqHxLTFSMs=,TjX/BGRjlNqoYJ0HR7ZoM/rOmMw=
40,11,9Y8FwncK8RGjrjjV7MqHxLTFSMs=,TjX/BGRjlNqoYJ0HR7ZoM/rOmMw=
43,15,9Y8FwncK8RGjrjjV7MqHxLTFSMs=,TjX/BGRjlNqoYJ0HR7ZoM/rOmMw=
45,7,9Y8FwncK8RGjrjjV7MqHxLTFSMs=,sneqipXqAYGpOr9+3UZagGHnMwU=
41,11,9Y8FwncK8RGjrjjV7MqHxLTFSMs=,TjX/BGRjlNqoYJ0HR7ZoM/rOmMw=
41,7,9Y8FwncK8RGjrjjV7MqHxLTFSMs=,sneqipXqAYGpOr9+3UZagGHnMwU=
39,12,9Y8FwncK8RGjrjjV7MqHxLTFSMs=,Fr06QEAEo3Zbk9IGe0LQyCc7P0E=
44,15,9Y8FwncK8RGjrjjV7MqHxLTFSMs=,TjX/BGRjlNqoYJ0HR7ZoM/rOmMw=
42,11,9Y8FwncK8RGjrjjV7MqHxLTFSMs=,TjX/BGRjlNqoYJ0HR7ZoM/rOmMw=
46,7,9Y8FwncK8RGjrjjV7MqHxLTFSMs=,sneqipXqAYGpOr9+3UZagGHnMwU=
46,15,9Y8FwncK8RGjrjjV7MqHxLTFSMs=,TjX/BGRjlNqoYJ0HR7ZoM/rOmMw=
45,15,9Y8FwncK8RGjrjjV7MqHxLTFSMs=,TjX/BGRjlNqoYJ0HR7ZoM/rOmMw=
32,14,9Y8FwncK8RGjrjjV7MqHxLTFSMs=,Fr06QEAEo3Zbk9IGe0LQyCc7P0E=
32,9,9Y8FwncK8RGjrjjV7MqHxLTFSMs=,Fr06QEAEo3Zbk9IGe0LQyCc7P0E=
32,10,9Y8FwncK8RGjrjjV7MqHxLTFSMs=,Fr06QEAEo3Zbk9IGe0LQyCc7P0E=
32,11,9Y8FwncK8RGjrjjV7MqHxLTFSMs=,Fr06QEAEo3Zbk9IGe0LQyCc7P0E=
32,12,9Y8FwncK8RGjrjjV7MqHxLTFSMs=,Fr06QEAEo3Zbk9IGe0LQyCc7P0E=
32,13,9Y8FwncK8RGjrjjV7MqHxLTFSMs=,Fr06QEAEo3Zbk9IGe0LQyCc7P0E=
47,0,9Y8FwncK8RGjrjjV7MqHxLTFSMs=,sneqipXqAYGpOr9+3UZagGHnMwU=
32,15,9Y8FwncK8RGjrjjV7MqHxLTFSMs=,Fr06QEAEo3Zbk9IGe0LQyCc7P0E=
33,15,9Y8FwncK8RGjrjjV7MqHxLTFSMs=,Fr06QEAEo3Zbk9IGe0LQyCc7P0E=
47,15,9Y8FwncK8RGjrjjV7MqHxLTFSMs=,TjX/BGRjlNqoYJ0HR7ZoM/rOmMw=
34,15,9Y8FwncK8RGjrjjV7MqHxLTFSMs=,Fr06QEAEo3Zbk9IGe0LQyCc7P0E=
35,15,9Y8FwncK8RGjrjjV7MqHxLTFSMs=,Fr06QEAEo3Zbk9IGe0LQyCc7P0E=
36,15,9Y8FwncK8RGjrjjV7MqHxLTFSMs=,Fr06QEAEo3Zbk9IGe0LQyCc7P0E=
37,15,9Y8FwncK8RGjrjjV7MqHxLTFSMs=,Fr06QEAEo3Zbk9IGe0LQyCc7P0E=
38,15,9Y8FwncK8RGjrjjV7MqHxLTFSMs=,Fr06QEAEo3Zbk9IGe0LQyCc7P0E=
40,15,9Y8FwncK8RGjrjjV7MqHxLTFSMs=,TjX/BGRjlNqoYJ0HR7ZoM/rOmMw=
39,15,9Y8FwncK8RGjrjjV7MqHxLTFSMs=,Fr06QEAEo3Zbk9IGe0LQyCc7P0E=
33,3,9Y8FwncK8RGjrjjV7MqHxLTFSMs=,u+V1aYYqJfh0N7o+qAhbxFSzeIk=
38,4,9Y8FwncK8RGjrjjV7MqHxLTFSMs=,u+V1aYYqJfh0N7o+qAhbxFSzeIk=
37,5,9Y8FwncK8RGjrjjV7MqHxLTFSMs=,u+V1aYYqJfh0N7o+qAhbxFSzeIk=
35,7,9Y8FwncK8RGjrjjV7MqHxLTFSMs=,u+V1aYYqJfh0N7o+qAhbxFSzeIk=
36,7,9Y8FwncK8RGjrjjV7MqHxLTFSMs=,u+V1aYYqJfh0N7o+qAhbxFSzeIk=
32,2,9Y8FwncK8RGjrjjV7MqHxLTFSMs=,u+V1aYYqJfh0N7o+qAhbxFSzeIk=
39,1,9Y8FwncK8RGjrjjV7MqHxLTFSMs=,u+V1aYYqJfh0N7o+qAhbxFSzeIk=
34,7,9Y8FwncK8RGjrjjV7MqHxLTFSMs=,u+V1aYYqJfh0N7o+qAhbxFSzeIk=
36,5,9Y8FwncK8RGjrjjV7MqHxLTFSMs=,u+V1aYYqJfh0N7o+qAhbxFSzeIk=
34,3,9Y8FwncK8RGjrjjV7MqHxLTFSMs=,u+V1aYYqJfh0N7o+qAhbxFSzeIk=
40,3,9Y8FwncK8RGjrjjV7MqHxLTFSMs=,sneqipXqAYGpOr9+3UZagGHnMwU=
40,7,9Y8FwncK8RGjrjjV7MqHxLTFSMs=,sneqipXqAYGpOr9+3UZagGHnMwU=
35,3,9Y8FwncK8RGjrjjV7MqHxLTFSMs=,u+V1aYYqJfh0N7o+qAhbxFSzeIk=
38,3,9Y8FwncK8RGjrjjV7MqHxLTFSMs=,u+V1aYYqJfh0N7o+qAhbxFSzeIk=
37,7,9Y8FwncK8RGjrjjV7MqHxLTFSMs=,u+V1aYYqJfh0N7o+qAhbxFSzeIk=
37,3,9Y8FwncK8RGjrjjV7MqHxLTFSMs=,u+V1aYYqJfh0N7o+qAhbxFSzeIk=
38,5,9Y8FwncK8RGjrjjV7MqHxLTFSMs=,u+V1aYYqJfh0N7o+qAhbxFSzeIk=
36,3,9Y8FwncK8RGjrjjV7MqHxLTFSMs=,u+V1aYYqJfh0N7o+qAhbxFSzeIk=
38,7,9Y8FwncK8RGjrjjV7MqHxLTFSMs=,u+V1aYYqJfh0N7o+qAhbxFSzeIk=
33,7,9Y8FwncK8RGjrjjV7MqHxLTFSMs=,u+V1aYYqJfh0N7o+qAhbxFSzeIk=
35,5,9Y8FwncK8RGjrjjV7MqHxLTFSMs=,u+V1aYYqJfh0N7o+qAhbxFSzeIk=
40,2,9Y8FwncK8RGjrjjV7MqHxLTFSMs=,sneqipXqAYGpOr9+3UZagGHnMwU=
32,7,9Y8FwncK8RGjrjjV7MqHxLTFSMs=,u+V1aYYqJfh0N7o+qAhbxFSzeIk=
34,5,9Y8FwncK8RGjrjjV7MqHxLTFSMs=,u+V1aYYqJfh0N7o+qAhbxFSzeIk=
34,1,9Y8FwncK8RGjrjjV7MqHxLTFSMs=,u+V1aYYqJfh0N7o+qAhbxFSzeIk=
37,4,9Y8FwncK8RGjrjjV7MqHxLTFSMs=,u+V1aYYqJfh0N7o+qAhbxFSzeIk=
36,4,9Y8FwncK8RGjrjjV7MqHxLTFSMs=,u+V1aYYqJfh0N7o+qAhbxFSzeIk=
38,1,9Y8FwncK8RGjrjjV7MqHxLTFSMs=,u+V1aYYqJfh0N7o+qAhbxFSzeIk=
35,4,9Y8FwncK8RGjrjjV7MqHxLTFSMs=,u+V1aYYqJfh0N7o+qAhbxFSzeIk=
33,5,9Y8FwncK8RGjrjjV7MqHxLTFSMs=,u+V1aYYqJfh0N7o+qAhbxFSzeIk=
37,1,9Y8FwncK8RGjrjjV7MqHxLTFSMs=,u+V1aYYqJfh0N7o+qAhbxFSzeIk=
39,6,9Y8FwncK8RGjrjjV7MqHxLTFSMs=,u+V1aYYqJfh0N7o+qAhbxFSzeIk=
32,3,9Y8FwncK8RGjrjjV7MqHxLTFSMs=,u+V1aYYqJfh0N7o+qAhbxFSzeIk=
40,6,9Y8FwncK8RGjrjjV7MqHxLTFSMs=,sneqipXqAYGpOr9+3UZagGHnMwU=
40,8,9Y8FwncK8RGjrjjV7MqHxLTFSMs=,TjX/BGRjlNqoYJ0HR7ZoM/rOmMw=
34,4,9Y8FwncK8RGjrjjV7MqHxLTFSMs=,u+V1aYYqJfh0N7o+qAhbxFSzeIk=
40,1,9Y8FwncK8RGjrjjV7MqHxLTFSMs=,sneqipXqAYGpOr9+3UZagGHnMwU=
32,5,9Y8FwncK8RGjrjjV7MqHxLTFSMs=,u+V1aYYqJfh0N7o+qAhbxFSzeIk=
37,6,9Y8FwncK8RGjrjjV7MqHxLTFSMs=,u+V1aYYqJfh0N7o+qAhbxFSzeIk=
38,8,9Y8FwncK8RGjrjjV7MqHxLTFSMs=,Fr06QEAEo3Zbk9IGe0LQyCc7P0E=
37,8,9Y8FwncK8RGjrjjV7MqHxLTFSMs=,Fr06QEAEo3Zbk9IGe0LQyCc7P0E=
39,8,9Y8FwncK8RGjrjjV7MqHxLTFSMs=,Fr06QEAEo3Zbk9IGe0LQyCc7P0E=
38,6,9Y8FwncK8RGjrjjV7MqHxLTFSMs=,u+V1aYYqJfh0N7o+qAhbxFSzeIk=
39,4,9Y8FwncK8RGjrjjV7MqHxLTFSMs=,u+V1aYYqJfh0N7o+qAhbxFSzeIk=
40,0,9Y8FwncK8RGjrjjV7MqHxLTFSMs=,sneqipXqAYGpOr9+3UZagGHnMwU=
36,6,9Y8FwncK8RGjrjjV7MqHxLTFSMs=,u+V1aYYqJfh0N7o+qAhbxFSzeIk=
39,2,9Y8FwncK8RGjrjjV7MqHxLTFSMs=,u+V1aYYqJfh0N7o+qAhbxFSzeIk=
33,4,9Y8FwncK8RGjrjjV7MqHxLTFSMs=,u+V1aYYqJfh0N7o+qAhbxFSzeIk=
38,2,9Y8FwncK8RGjrjjV7MqHxLTFSMs=,u+V1aYYqJfh0N7o+qAhbxFSzeIk=
37,2,9Y8FwncK8RGjrjjV7MqHxLTFSMs=,u+V1aYYqJfh0N7o+qAhbxFSzeIk=
40,5,9Y8FwncK8RGjrjjV7MqHxLTFSMs=,sneqipXqAYGpOr9+3UZagGHnMwU=
36,2,9Y8FwncK8RGjrjjV7MqHxLTFSMs=,u+V1aYYqJfh0N7o+qAhbxFSzeIk=
35,2,9Y8FwncK8RGjrjjV7MqHxLTFSMs=,u+V1aYYqJfh0N7o+qAhbxFSzeIk=
35,6,9Y8FwncK8RGjrjjV7MqHxLTFSMs=,u+V1aYYqJfh0N7o+qAhbxFSzeIk=
32,1,9Y8FwncK8RGjrjjV7MqHxLTFSMs=,u+V1aYYqJfh0N7o+qAhbxFSzeIk=
34,2,9Y8FwncK8RGjrjjV7MqHxLTFSMs=,u+V1aYYqJfh0N7o+qAhbxFSzeIk=
32,0,9Y8FwncK8RGjrjjV7MqHxLTFSMs=,u+V1aYYqJfh0N7o+qAhbxFSzeIk=
33,2,9Y8FwncK8RGjrjjV7MqHxLTFSMs=,u+V1aYYqJfh0N7o+qAhbxFSzeIk=
36,8,9Y8FwncK8RGjrjjV7MqHxLTFSMs=,Fr06QEAEo3Zbk9IGe0LQyCc7P0E=
34,0,9Y8FwncK8RGjrjjV7MqHxLTFSMs=,u+V1aYYqJfh0N7o+qAhbxFSzeIk=
38,0,9Y8FwncK8RGjrjjV7MqHxLTFSMs=,u+V1aYYqJfh0N7o+qAhbxFSzeIk=
35,8,9Y8FwncK8RGjrjjV7MqHxLTFSMs=,Fr06QEAEo3Zbk9IGe0LQyCc7P0E=
39,5,9Y8FwncK8RGjrjjV7MqHxLTFSMs=,u+V1aYYqJfh0N7o+qAhbxFSzeIk=
35,0,9Y8FwncK8RGjrjjV7MqHxLTFSMs=,u+V1aYYqJfh0N7o+qAhbxFSzeIk=
34,6,9Y8FwncK8RGjrjjV7MqHxLTFSMs=,u+V1aYYqJfh0N7o+qAhbxFSzeIk=
36,0,9Y8FwncK8RGjrjjV7MqHxLTFSMs=,u+V1aYYqJfh0N7o+qAhbxFSzeIk=
39,3,9Y8FwncK8RGjrjjV7MqHxLTFSMs=,u+V1aYYqJfh0N7o+qAhbxFSzeIk=
33,0,9Y8FwncK8RGjrjjV7MqHxLTFSMs=,u+V1aYYqJfh0N7o+qAhbxFSzeIk=
33,8,9Y8FwncK8RGjrjjV7MqHxLTFSMs=,Fr06QEAEo3Zbk9IGe0LQyCc7P0E=
32,6,9Y8FwncK8RGjrjjV7MqHxLTFSMs=,u+V1aYYqJfh0N7o+qAhbxFSzeIk=
32,8,9Y8FwncK8RGjrjjV7MqHxLTFSMs=,Fr06QEAEo3Zbk9IGe0LQyCc7P0E=
37,0,9Y8FwncK8RGjrjjV7MqHxLTFSMs=,u+V1aYYqJfh0N7o+qAhbxFSzeIk=
33,1,9Y8FwncK8RGjrjjV7MqHxLTFSMs=,u+V1aYYqJfh0N7o+qAhbxFSzeIk=
39,7,9Y8FwncK8RGjrjjV7MqHxLTFSMs=,u+V1aYYqJfh0N7o+qAhbxFSzeIk=
35,1,9Y8FwncK8RGjrjjV7MqHxLTFSMs=,u+V1aYYqJfh0N7o+qAhbxFSzeIk=
40,4,9Y8FwncK8RGjrjjV7MqHxLTFSMs=,sneqipXqAYGpOr9+3UZagGHnMwU=
33,6,9Y8FwncK8RGjrjjV7MqHxLTFSMs=,u+V1aYYqJfh0N7o+qAhbxFSzeIk=
36,1,9Y8FwncK8RGjrjjV7MqHxLTFSMs=,u+V1aYYqJfh0N7o+qAhbxFSzeIk=
32,4,9Y8FwncK8RGjrjjV7MqHxLTFSMs=,u+V1aYYqJfh0N7o+qAhbxFSzeIk=
39,0,9Y8FwncK8RGjrjjV7MqHxLTFSMs=,u+V1aYYqJfh0N7o+qAhbxFSzeIk=
34,8,9Y8FwncK8RGjrjjV7MqHxLTFSMs=,Fr06QEAEo3Zbk9IGe0LQyCc7P0E=
33,16,jSV2IJxz2ESSYlZnjOYHGxKnN+o=,PlrPuqTX6utB67zLnHi1KVyEwCk=
36,23,jSV2IJxz2ESSYlZnjOYHGxKnN+o=,PlrPuqTX6utB67zLnHi1KVyEwCk=
37,22,jSV2IJxz2ESSYlZnjOYHGxKnN+o=,PlrPuqTX6utB67zLnHi1KVyEwCk=
36,22,jSV2IJxz2ESSYlZnjOYHGxKnN+o=,PlrPuqTX6utB67zLnHi1KVyEwCk=
35,22,jSV2IJxz2ESSYlZnjOYHGxKnN+o=,PlrPuqTX6utB67zLnHi1KVyEwCk=
35,18,jSV2IJxz2ESSYlZnjOYHGxKnN+o=,PlrPuqTX6utB67zLnHi1KVyEwCk=
34,22,jSV2IJxz2ESSYlZnjOYHGxKnN+o=,PlrPuqTX6utB67zLnHi1KVyEwCk=
35,23,jSV2IJxz2ESSYlZnjOYHGxKnN+o=,PlrPuqTX6utB67zLnHi1KVyEwCk=
33,22,jSV2IJxz2ESSYlZnjOYHGxKnN+o=,PlrPuqTX6utB67zLnHi1KVyEwCk=
38,21,jSV2IJxz2ESSYlZnjOYHGxKnN+o=,PlrPuqTX6utB67zLnHi1KVyEwCk=
34,18,jSV2IJxz2ESSYlZnjOYHGxKnN+o=,PlrPuqTX6utB67zLnHi1KVyEwCk=
37,21,jSV2IJxz2ESSYlZnjOYHGxKnN+o=,PlrPuqTX6utB67zLnHi1KVyEwCk=
32,22,jSV2IJxz2ESSYlZnjOYHGxKnN+o=,PlrPuqTX6utB67zLnHi1KVyEwCk=
35,17,jSV2IJxz2ESSYlZnjOYHGxKnN+o=,PlrPuqTX6utB67zLnHi1KVyEwCk=
34,23,jSV2IJxz2ESSYlZnjOYHGxKnN+o=,PlrPuqTX6utB67zLnHi1KVyEwCk=
32,18,jSV2IJxz2ESSYlZnjOYHGxKnN+o=,PlrPuqTX6utB67zLnHi1KVyEwCk=
33,18,jSV2IJxz2ESSYlZnjOYHGxKnN+o=,PlrPuqTX6utB67zLnHi1KVyEwCk=
33,23,jSV2IJxz2ESSYlZnjOYHGxKnN+o=,PlrPuqTX6utB67zLnHi1KVyEwCk=
36,21,jSV2IJxz2ESSYlZnjOYHGxKnN+o=,PlrPuqTX6utB67zLnHi1KVyEwCk=
35,21,jSV2IJxz2ESSYlZnjOYHGxKnN+o=,PlrPuqTX6utB67zLnHi1KVyEwCk=
38,20,jSV2IJxz2ESSYlZnjOYHGxKnN+o=,PlrPuqTX6utB67zLnHi1KVyEwCk=
34,21,jSV2IJxz2ESSYlZnjOYHGxKnN+o=,PlrPuqTX6utB67zLnHi1KVyEwCk=
34,17,jSV2IJxz2ESSYlZnjOYHGxKnN+o=,PlrPuqTX6utB67zLnHi1KVyEwCk=
32,16,jSV2IJxz2ESSYlZnjOYHGxKnN+o=,PlrPuqTX6utB67zLnHi1KVyEwCk=
33,17,jSV2IJxz2ESSYlZnjOYHGxKnN+o=,PlrPuqTX6utB67zLnHi1KVyEwCk=
37,20,jSV2IJxz2ESSYlZnjOYHGxKnN+o=,PlrPuqTX6utB67zLnHi1KVyEwCk=
32,23,jSV2IJxz2ESSYlZnjOYHGxKnN+o=,PlrPuqTX6utB67zLnHi1KVyEwCk=
32,17,jSV2IJxz2ESSYlZnjOYHGxKnN+o=,PlrPuqTX6utB67zLnHi1KVyEwCk=
38,17,jSV2IJxz2ESSYlZnjOYHGxKnN+o=,PlrPuqTX6utB67zLnHi1KVyEwCk=
33,20,jSV2IJxz2ESSYlZnjOYHGxKnN+o=,PlrPuqTX6utB67zLnHi1KVyEwCk=
32,20,jSV2IJxz2ESSYlZnjOYHGxKnN+o=,PlrPuqTX6utB67zLnHi1KVyEwCk=
38,16,jSV2IJxz2ESSYlZnjOYHGxKnN+o=,PlrPuqTX6utB67zLnHi1KVyEwCk=
38,19,jSV2IJxz2ESSYlZnjOYHGxKnN+o=,PlrPuqTX6utB67zLnHi1KVyEwCk=
37,19,jSV2IJxz2ESSYlZnjOYHGxKnN+o=,PlrPuqTX6utB67zLnHi1KVyEwCk=
36,19,jSV2IJxz2ESSYlZnjOYHGxKnN+o=,PlrPuqTX6utB67zLnHi1KVyEwCk=
35,19,jSV2IJxz2ESSYlZnjOYHGxKnN+o=,PlrPuqTX6utB67zLnHi1KVyEwCk=
37,16,jSV2IJxz2ESSYlZnjOYHGxKnN+o=,PlrPuqTX6utB67zLnHi1KVyEwCk=
34,19,jSV2IJxz2ESSYlZnjOYHGxKnN+o=,PlrPuqTX6utB67zLnHi1KVyEwCk=
33,21,jSV2IJxz2ESSYlZnjOYHGxKnN+o=,PlrPuqTX6utB67zLnHi1KVyEwCk=
32,19,jSV2IJxz2ESSYlZnjOYHGxKnN+o=,PlrPuqTX6utB67zLnHi1KVyEwCk=
33,19,jSV2IJxz2ESSYlZnjOYHGxKnN+o=,PlrPuqTX6utB67zLnHi1KVyEwCk=
36,16,jSV2IJxz2ESSYlZnjOYHGxKnN+o=,PlrPuqTX6utB67zLnHi1KVyEwCk=
37,17,jSV2IJxz2ESSYlZnjOYHGxKnN+o=,PlrPuqTX6utB67zLnHi1KVyEwCk=
32,21,jSV2IJxz2ESSYlZnjOYHGxKnN+o=,PlrPuqTX6utB67zLnHi1KVyEwCk=
36,20,jSV2IJxz2ESSYlZnjOYHGxKnN+o=,PlrPuqTX6utB67zLnHi1KVyEwCk=
36,17,jSV2IJxz2ESSYlZnjOYHGxKnN+o=,PlrPuqTX6utB67zLnHi1KVyEwCk=
35,20,jSV2IJxz2ESSYlZnjOYHGxKnN+o=,PlrPuqTX6utB67zLnHi1KVyEwCk=
38,18,jSV2IJxz2ESSYlZnjOYHGxKnN+o=,PlrPuqTX6utB67zLnHi1KVyEwCk=
37,18,jSV2IJxz2ESSYlZnjOYHGxKnN+o=,PlrPuqTX6utB67zLnHi1KVyEwCk=
36,18,jSV2IJxz2ESSYlZnjOYHGxKnN+o=,PlrPuqTX6utB67zLnHi1KVyEwCk=
34,16,jSV2IJxz2ESSYlZnjOYHGxKnN+o=,PlrPuqTX6utB67zLnHi1KVyEwCk=
34,20,jSV2IJxz2ESSYlZnjOYHGxKnN+o=,PlrPuqTX6utB67zLnHi1KVyEwCk=
38,22,jSV2IJxz2ESSYlZnjOYHGxKnN+o=,PlrPuqTX6utB67zLnHi1KVyEwCk=
38,23,jSV2IJxz2ESSYlZnjOYHGxKnN+o=,PlrPuqTX6utB67zLnHi1KVyEwCk=
35,16,jSV2IJxz2ESSYlZnjOYHGxKnN+o=,PlrPuqTX6utB67zLnHi1KVyEwCk=
37,23,jSV2IJxz2ESSYlZnjOYHGxKnN+o=,PlrPuqTX6utB67zLnHi1KVyEwCk=
44,23,jSV2IJxz2ESSYlZnjOYHGxKnN+o=,GJpzKrilwVpHFUSI5yulPkDtmAU=
39,23,jSV2IJxz2ESSYlZnjOYHGxKnN+o=,PlrPuqTX6utB67zLnHi1KVyEwCk=
39,21,jSV2IJxz2ESSYlZnjOYHGxKnN+o=,PlrPuqTX6utB67zLnHi1KVyEwCk=
43,23,jSV2IJxz2ESSYlZnjOYHGxKnN+o=,GJpzKrilwVpHFUSI5yulPkDtmAU=
42,23,jSV2IJxz2ESSYlZnjOYHGxKnN+o=,GJpzKrilwVpHFUSI5yulPkDtmAU=
39,20,jSV2IJxz2ESSYlZnjOYHGxKnN+o=,PlrPuqTX6utB67zLnHi1KVyEwCk=
41,23,jSV2IJxz2ESSYlZnjOYHGxKnN+o=,GJpzKrilwVpHFUSI5yulPkDtmAU=
40,23,jSV2IJxz2ESSYlZnjOYHGxKnN+o=,GJpzKrilwVpHFUSI5yulPkDtmAU=
47,22,jSV2IJxz2ESSYlZnjOYHGxKnN+o=,GJpzKrilwVpHFUSI5yulPkDtmAU=
46,22,jSV2IJxz2ESSYlZnjOYHGxKnN+o=,GJpzKrilwVpHFUSI5yulPkDtmAU=
45,22,jSV2IJxz2ESSYlZnjOYHGxKnN+o=,GJpzKrilwVpHFUSI5yulPkDtmAU=
44,22,jSV2IJxz2ESSYlZnjOYHGxKnN+o=,GJpzKrilwVpHFUSI5yulPkDtmAU=
43,22,jSV2IJxz2ESSYlZnjOYHGxKnN+o=,GJpzKrilwVpHFUSI5yulPkDtmAU=
42,22,jSV2IJxz2ESSYlZnjOYHGxKnN+o=,GJpzKrilwVpHFUSI5yulPkDtmAU=
41,22,jSV2IJxz2ESSYlZnjOYHGxKnN+o=,GJpzKrilwVpHFUSI5yulPkDtmAU=
40,22,jSV2IJxz2ESSYlZnjOYHGxKnN+o=,GJpzKrilwVpHFUSI5yulPkDtmAU=
47,21,jSV2IJxz2ESSYlZnjOYHGxKnN+o=,GJpzKrilwVpHFUSI5yulPkDtmAU=
46,21,jSV2IJxz2ESSYlZnjOYHGxKnN+o=,GJpzKrilwVpHFUSI5yulPkDtmAU=
45,21,jSV2IJxz2ESSYlZnjOYHGxKnN+o=,GJpzKrilwVpHFUSI5yulPkDtmAU=
44,21,jSV2IJxz2ESSYlZnjOYHGxKnN+o=,GJpzKrilwVpHFUSI5yulPkDtmAU=
43,21,jSV2IJxz2ESSYlZnjOYHGxKnN+o=,GJpzKrilwVpHFUSI5yulPkDtmAU=
42,21,jSV2IJxz2ESSYlZnjOYHGxKnN+o=,GJpzKrilwVpHFUSI5yulPkDtmAU=
41,21,jSV2IJxz2ESSYlZnjOYHGxKnN+o=,GJpzKrilwVpHFUSI5yulPkDtmAU=
40,21,jSV2IJxz2ESSYlZnjOYHGxKnN+o=,GJpzKrilwVpHFUSI5yulPkDtmAU=
47,20,jSV2IJxz2ESSYlZnjOYHGxKnN+o=,GJpzKrilwVpHFUSI5yulPkDtmAU=
46,20,jSV2IJxz2ESSYlZnjOYHGxKnN+o=,GJpzKrilwVpHFUSI5yulPkDtmAU=
45,20,jSV2IJxz2ESSYlZnjOYHGxKnN+o=,GJpzKrilwVpHFUSI5yulPkDtmAU=
44,20,jSV2IJxz2ESSYlZnjOYHGxKnN+o=,GJpzKrilwVpHFUSI5yulPkDtmAU=
39,17,jSV2IJxz2ESSYlZnjOYHGxKnN+o=,PlrPuqTX6utB67zLnHi1KVyEwCk=
43,20,jSV2IJxz2ESSYlZnjOYHGxKnN+o=,GJpzKrilwVpHFUSI5yulPkDtmAU=
42,20,jSV2IJxz2ESSYlZnjOYHGxKnN+o=,GJpzKrilwVpHFUSI5yulPkDtmAU=
41,20,jSV2IJxz2ESSYlZnjOYHGxKnN+o=,GJpzKrilwVpHFUSI5yulPkDtmAU=
40,20,jSV2IJxz2ESSYlZnjOYHGxKnN+o=,GJpzKrilwVpHFUSI5yulPkDtmAU=
39,16,jSV2IJxz2ESSYlZnjOYHGxKnN+o=,PlrPuqTX6utB67zLnHi1KVyEwCk=
47,19,jSV2IJxz2ESSYlZnjOYHGxKnN+o=,GJpzKrilwVpHFUSI5yulPkDtmAU=
40,16,jSV2IJxz2ESSYlZnjOYHGxKnN+o=,GJpzKrilwVpHFUSI5yulPkDtmAU=
46,19,jSV2IJxz2ESSYlZnjOYHGxKnN+o=,GJpzKrilwVpHFUSI5yulPkDtmAU=
45,19,jSV2IJxz2ESSYlZnjOYHGxKnN+o=,GJpzKrilwVpHFUSI5yulPkDtmAU=
39,19,jSV2IJxz2ESSYlZnjOYHGxKnN+o=,PlrPuqTX6utB67zLnHi1KVyEwCk=
44,19,jSV2IJxz2ESSYlZnjOYHGxKnN+o=,GJpzKrilwVpHFUSI5yulPkDtmAU=
45,23,jSV2IJxz2ESSYlZnjOYHGxKnN+o=,GJpzKrilwVpHFUSI5yulPkDtmAU=
42,19,jSV2IJxz2ESSYlZnjOYHGxKnN+o=,GJpzKrilwVpHFUSI5yulPkDtmAU=
43,19,jSV2IJxz2ESSYlZnjOYHGxKnN+o=,GJpzKrilwVpHFUSI5yulPkDtmAU=
41,19,jSV2IJxz2ESSYlZnjOYHGxKnN+o=,GJpzKrilwVpHFUSI5yulPkDtmAU=
47,18,jSV2IJxz2ESSYlZnjOYHGxKnN+o=,GJpzKrilwVpHFUSI5yulPkDtmAU=
41,16,jSV2IJxz2ESSYlZnjOYHGxKnN+o=,GJpzKrilwVpHFUSI5yulPkDtmAU=
45,18,jSV2IJxz2ESSYlZnjOYHGxKnN+o=,GJpzKrilwVpHFUSI5yulPkDtmAU=
46,18,jSV2IJxz2ESSYlZnjOYHGxKnN+o=,GJpzKrilwVpHFUSI5yulPkDtmAU=
40,19,jSV2IJxz2ESSYlZnjOYHGxKnN+o=,GJpzKrilwVpHFUSI5yulPkDtmAU=
44,18,jSV2IJxz2ESSYlZnjOYHGxKnN+o=,GJpzKrilwVpHFUSI5yulPkDtmAU=
43,18,jSV2IJxz2ESSYlZnjOYHGxKnN+o=,GJpzKrilwVpHFUSI5yulPkDtmAU=
42,18,jSV2IJxz2ESSYlZnjOYHGxKnN+o=,GJpzKrilwVpHFUSI5yulPkDtmAU=
41,18,jSV2IJxz2ESSYlZnjOYHGxKnN+o=,GJpzKrilwVpHFUSI5yulPkDtmAU=
40,18,jSV2IJxz2ESSYlZnjOYHGxKnN+o=,GJpzKrilwVpHFUSI5yulPkDtmAU=
47,17,jSV2IJxz2ESSYlZnjOYHGxKnN+o=,GJpzKrilwVpHFUSI5yulPkDtmAU=
42,16,jSV2IJxz2ESSYlZnjOYHGxKnN+o=,GJpzKrilwVpHFUSI5yulPkDtmAU=
46,23,jSV2IJxz2ESSYlZnjOYHGxKnN+o=,GJpzKrilwVpHFUSI5yulPkDtmAU=
46,17,jSV2IJxz2ESSYlZnjOYHGxKnN+o=,GJpzKrilwVpHFUSI5yulPkDtmAU=
45,17,jSV2IJxz2ESSYlZnjOYHGxKnN+o=,GJpzKrilwVpHFUSI5yulPkDtmAU=
44,17,jSV2IJxz2ESSYlZnjOYHGxKnN+o=,GJpzKrilwVpHFUSI5yulPkDtmAU=
43,17,jSV2IJxz2ESSYlZnjOYHGxKnN+o=,GJpzKrilwVpHFUSI5yulPkDtmAU=
42,17,jSV2IJxz2ESSYlZnjOYHGxKnN+o=,GJpzKrilwVpHFUSI5yulPkDtmAU=
41,17,jSV2IJxz2ESSYlZnjOYHGxKnN+o=,GJpzKrilwVpHFUSI5yulPkDtmAU=
40,17,jSV2IJxz2ESSYlZnjOYHGxKnN+o=,GJpzKrilwVpHFUSI5yulPkDtmAU=
39,22,jSV2IJxz2ESSYlZnjOYHGxKnN+o=,PlrPuqTX6utB67zLnHi1KVyEwCk=
47,16,jSV2IJxz2ESSYlZnjOYHGxKnN+o=,GJpzKrilwVpHFUSI5yulPkDtmAU=
43,16,jSV2IJxz2ESSYlZnjOYHGxKnN+o=,GJpzKrilwVpHFUSI5yulPkDtmAU=
47,23,jSV2IJxz2ESSYlZnjOYHGxKnN+o=,GJpzKrilwVpHFUSI5yulPkDtmAU=
46,16,jSV2IJxz2ESSYlZnjOYHGxKnN+o=,GJpzKrilwVpHFUSI5yulPkDtmAU=
39,18,jSV2IJxz2ESSYlZnjOYHGxKnN+o=,PlrPuqTX6utB67zLnHi1KVyEwCk=
45,16,jSV2IJxz2ESSYlZnjOYHGxKnN+o=,GJpzKrilwVpHFUSI5yulPkDtmAU=
44,16,jSV2IJxz2ESSYlZnjOYHGxKnN+o=,GJpzKrilwVpHFUSI5yulPkDtmAU=
55,18,o10wOYy0riBujGa82WWj5lrqKhY=,h0j5Tk/S7UuyaCo+pgltg/i5N3I=
53,19,o10wOYy0riBujGa82WWj5lrqKhY=,h0j5Tk/S7UuyaCo+pgltg/i5N3I=
54,18,o10wOYy0riBujGa82WWj5lrqKhY=,h0j5Tk/S7UuyaCo+pgltg/i5N3I=
53,18,o10wOYy0riBujGa82WWj5lrqKhY=,h0j5Tk/S7UuyaCo+pgltg/i5N3I=
52,19,o10wOYy0riBujGa82WWj5lrqKhY=,h0j5Tk/S7UuyaCo+pgltg/i5N3I=
48,18,o10wOYy0riBujGa82WWj5lrqKhY=,h0j5Tk/S7UuyaCo+pgltg/i5N3I=
49,16,o10wOYy0riBujGa82WWj5lrqKhY=,h0j5Tk/S7UuyaCo+pgltg/i5N3I=
49,18,o10wOYy0riBujGa82WWj5lrqKhY=,h0j5Tk/S7UuyaCo+pgltg/i5N3I=
48,17,o10wOYy0riBujGa82WWj5lrqKhY=,h0j5Tk/S7UuyaCo+pgltg/i5N3I=
51,19,o10wOYy0riBujGa82WWj5lrqKhY=,h0j5Tk/S7UuyaCo+pgltg/i5N3I=
55,16,o10wOYy0riBujGa82WWj5lrqKhY=,h0j5Tk/S7UuyaCo+pgltg/i5N3I=
55,17,o10wOYy0riBujGa82WWj5lrqKhY=,h0j5Tk/S7UuyaCo+pgltg/i5N3I=
54,16,o10wOYy0riBujGa82WWj5lrqKhY=,h0j5Tk/S7UuyaCo+pgltg/i5N3I=
54,17,o10wOYy0riBujGa82WWj5lrqKhY=,h0j5Tk/S7UuyaCo+pgltg/i5N3I=
53,17,o10wOYy0riBujGa82WWj5lrqKhY=,h0j5Tk/S7UuyaCo+pgltg/i5N3I=
55,23,o10wOYy0riBujGa82WWj5lrqKhY=,h0j5Tk/S7UuyaCo+pgltg/i5N3I=
54,23,o10wOYy0riBujGa82WWj5lrqKhY=,h0j5Tk/S7UuyaCo+pgltg/i5N3I=
53,23,o10wOYy0riBujGa82WWj5lrqKhY=,h0j5Tk/S7UuyaCo+pgltg/i5N3I=
52,23,o10wOYy0riBujGa82WWj5lrqKhY=,h0j5Tk/S7UuyaCo+pgltg/i5N3I=
51,23,o10wOYy0riBujGa82WWj5lrqKhY=,h0j5Tk/S7UuyaCo+pgltg/i5N3I=
50,23,o10wOYy0riBujGa82WWj5lrqKhY=,h0j5Tk/S7UuyaCo+pgltg/i5N3I=
52,18,o10wOYy0riBujGa82WWj5lrqKhY=,h0j5Tk/S7UuyaCo+pgltg/i5N3I=
49,23,o10wOYy0riBujGa82WWj5lrqKhY=,h0j5Tk/S7UuyaCo+pgltg/i5N3I=
48,23,o10wOYy0riBujGa82WWj5lrqKhY=,h0j5Tk/S7UuyaCo+pgltg/i5N3I=
55,22,o10wOYy0riBujGa82WWj5lrqKhY=,h0j5Tk/S7UuyaCo+pgltg/i5N3I=
54,22,o10wOYy0riBujGa82WWj5lrqKhY=,h0j5Tk/S7UuyaCo+pgltg/i5N3I=
52,22,o10wOYy0riBujGa82WWj5lrqKhY=,h0j5Tk/S7UuyaCo+pgltg/i5N3I=
53,22,o10wOYy0riBujGa82WWj5lrqKhY=,h0j5Tk/S7UuyaCo+pgltg/i5N3I=
51,22,o10wOYy0riBujGa82WWj5lrqKhY=,h0j5Tk/S7UuyaCo+pgltg/i5N3I=
50,18,o10wOYy0riBujGa82WWj5lrqKhY=,h0j5Tk/S7UuyaCo+pgltg/i5N3I=
51,17,o10wOYy0riBujGa82WWj5lrqKhY=,h0j5Tk/S7UuyaCo+pgltg/i5N3I=
50,22,o10wOYy0riBujGa82WWj5lrqKhY=,h0j5Tk/S7UuyaCo+pgltg/i5N3I=
49,22,o10wOYy0riBujGa82WWj5lrqKhY=,h0j5Tk/S7UuyaCo+pgltg/i5N3I=
48,22,o10wOYy0riBujGa82WWj5lrqKhY=,h0j5Tk/S7UuyaCo+pgltg/i5N3I=
55,21,o10wOYy0riBujGa82WWj5lrqKhY=,h0j5Tk/S7UuyaCo+pgltg/i5N3I=
54,21,o10wOYy0riBujGa82WWj5lrqKhY=,h0j5Tk/S7UuyaCo+pgltg/i5N3I=
53,21,o10wOYy0riBujGa82WWj5lrqKhY=,h0j5Tk/S7UuyaCo+pgltg/i5N3I=
52,21,o10wOYy0riBujGa82WWj5lrqKhY=,h0j5Tk/S7UuyaCo+pgltg/i5N3I=
52,17,o10wOYy0riBujGa82WWj5lrqKhY=,h0j5Tk/S7UuyaCo+pgltg/i5N3I=
48,19,o10wOYy0riBujGa82WWj5lrqKhY=,h0j5Tk/S7UuyaCo+pgltg/i5N3I=
51,21,o10wOYy0riBujGa82WWj5lrqKhY=,h0j5Tk/S7UuyaCo+pgltg/i5N3I=
50,21,o10wOYy0riBujGa82WWj5lrqKhY=,h0j5Tk/S7UuyaCo+pgltg/i5N3I=
49,21,o10wOYy0riBujGa82WWj5lrqKhY=,h0j5Tk/S7UuyaCo+pgltg/i5N3I=
48,21,o10wOYy0riBujGa82WWj5lrqKhY=,h0j5Tk/S7UuyaCo+pgltg/i5N3I=
55,20,o10wOYy0riBujGa82WWj5lrqKhY=,h0j5Tk/S7UuyaCo+pgltg/i5N3I=
54,20,o10wOYy0riBujGa82WWj5lrqKhY=,h0j5Tk/S7UuyaCo+pgltg/i5N3I=
50,17,o10wOYy0riBujGa82WWj5lrqKhY=,h0j5Tk/S7UuyaCo+pgltg/i5N3I=
53,16,o10wOYy0riBujGa82WWj5lrqKhY=,h0j5Tk/S7UuyaCo+pgltg/i5N3I=
53,20,o10wOYy0riBujGa82WWj5lrqKhY=,h0j5Tk/S7UuyaCo+pgltg/i5N3I=
52,20,o10wOYy0riBujGa82WWj5lrqKhY=,h0j5Tk/S7UuyaCo+pgltg/i5N3I=
51,20,o10wOYy0riBujGa82WWj5lrqKhY=,h0j5Tk/S7UuyaCo+pgltg/i5N3I=
50,20,o10wOYy0riBujGa82WWj5lrqKhY=,h0j5Tk/S7UuyaCo+pgltg/i5N3I=
49,19,o10wOYy0riBujGa82WWj5lrqKhY=,h0j5Tk/S7UuyaCo+pgltg/i5N3I=
54,19,o10wOYy0riBujGa82WWj5lrqKhY=,h0j5Tk/S7UuyaCo+pgltg/i5N3I=
49,20,o10wOYy0riBujGa82WWj5lrqKhY=,h0j5Tk/S7UuyaCo+pgltg/i5N3I=
52,16,o10wOYy0riBujGa82WWj5lrqKhY=,h0j5Tk/S7UuyaCo+pgltg/i5N3I=
48,20,o10wOYy0riBujGa82WWj5lrqKhY=,h0j5Tk/S7UuyaCo+pgltg/i5N3I=
51,18,o10wOYy0riBujGa82WWj5lrqKhY=,h0j5Tk/S7UuyaCo+pgltg/i5N3I=
51,16,o10wOYy0riBujGa82WWj5lrqKhY=,h0j5Tk/S7UuyaCo+pgltg/i5N3I=
50,19,o10wOYy0riBujGa82WWj5lrqKhY=,h0j5Tk/S7UuyaCo+pgltg/i5N3I=
48,16,o10wOYy0riBujGa82WWj5lrqKhY=,h0j5Tk/S7UuyaCo+pgltg/i5N3I=
55,19,o10wOYy0riBujGa82WWj5lrqKhY=,h0j5Tk/S7UuyaCo+pgltg/i5N3I=
49,17,o10wOYy0riBujGa82WWj5lrqKhY=,h0j5Tk/S7UuyaCo+pgltg/i5N3I=
50,16,o10wOYy0riBujGa82WWj5lrqKhY=,h0j5Tk/S7UuyaCo+pgltg/i5N3I=
60,3,QaQw6dVGcfv7aNdfR/XBxb+ccNA=,xRILmATzUp2mkABET6XjegPDALg=
59,3,QaQw6dVGcfv7aNdfR/XBxb+ccNA=,xRILmATzUp2mkABET6XjegPDALg=
58,3,QaQw6dVGcfv7aNdfR/XBxb+ccNA=,xRILmATzUp2mkABET6XjegPDALg=
57,3,QaQw6dVGcfv7aNdfR/XBxb+ccNA=,xRILmATzUp2mkABET6XjegPDALg=
62,2,n37qswJNY7BayJg1JNPXIBT8iys=,xRILmATzUp2mkABET6XjegPDALg=
61,2,n37qswJNY7BayJg1JNPXIBT8iys=,xRILmATzUp2mkABET6XjegPDALg=
62,6,n37qswJNY7BayJg1JNPXIBT8iys=,xRILmATzUp2mkABET6XjegPDALg=
60,2,n37qswJNY7BayJg1JNPXIBT8iys=,xRILmATzUp2mkABET6XjegPDALg=
61,6,n37qswJNY7BayJg1JNPXIBT8iys=,xRILmATzUp2mkABET6XjegPDALg=
60,6,n37qswJNY7BayJg1JNPXIBT8iys=,xRILmATzUp2mkABET6XjegPDALg=
59,2,n37qswJNY7BayJg1JNPXIBT8iys=,xRILmATzUp2mkABET6XjegPDALg=
58,2,n37qswJNY7BayJg1JNPXIBT8iys=,xRILmATzUp2mkABET6XjegPDALg=
57,2,n37qswJNY7BayJg1JNPXIBT8iys=,xRILmATzUp2mkABET6XjegPDALg=
59,6,n37qswJNY7BayJg1JNPXIBT8iys=,xRILmATzUp2mkABET6XjegPDALg=
57,6,FvhDIbzM/Gqd/oHRmic6FxSTVpY=,xRILmATzUp2mkABET6XjegPDALg=
58,6,FvhDIbzM/Gqd/oHRmic6FxSTVpY=,xRILmATzUp2mkABET6XjegPDALg=
62,1,FvhDIbzM/Gqd/oHRmic6FxSTVpY=,xRILmATzUp2mkABET6XjegPDALg=
62,5,FvhDIbzM/Gqd/oHRmic6FxSTVpY=,xRILmATzUp2mkABET6XjegPDALg=
61,5,ALKAe9WHR1kiz0ZirzxUzF/jhP8=,xRILmATzUp2mkABET6XjegPDALg=
60,5,yJaOZm7lY/lRkJZlx3rj2NA6t68=,xRILmATzUp2mkABET6XjegPDALg=
61,1,yJaOZm7lY/lRkJZlx3rj2NA6t68=,xRILmATzUp2mkABET6XjegPDALg=
59,5,yJaOZm7lY/lRkJZlx3rj2NA6t68=,xRILmATzUp2mkABET6XjegPDALg=
60,1,yJaOZm7lY/lRkJZlx3rj2NA6t68=,xRILmATzUp2mkABET6XjegPDALg=
58,5,yJaOZm7lY/lRkJZlx3rj2NA6t68=,xRILmATzUp2mkABET6XjegPDALg=
59,1,yJaOZm7lY/lRkJZlx3rj2NA6t68=,xRILmATzUp2mkABET6XjegPDALg=
57,5,yJaOZm7lY/lRkJZlx3rj2NA6t68=,xRILmATzUp2mkABET6XjegPDALg=
58,1,yJaOZm7lY/lRkJZlx3rj2NA6t68=,xRILmATzUp2mkABET6XjegPDALg=
57,1,yJaOZm7lY/lRkJZlx3rj2NA6t68=,xRILmATzUp2mkABET6XjegPDALg=
62,4,yJaOZm7lY/lRkJZlx3rj2NA6t68=,xRILmATzUp2mkABET6XjegPDALg=
61,4,yJaOZm7lY/lRkJZlx3rj2NA6t68=,xRILmATzUp2mkABET6XjegPDALg=
60,4,yJaOZm7lY/lRkJZlx3rj2NA6t68=,xRILmATzUp2mkABET6XjegPDALg=
59,4,yJaOZm7lY/lRkJZlx3rj2NA6t68=,xRILmATzUp2mkABET6XjegPDALg=
58,4,yJaOZm7lY/lRkJZlx3rj2NA6t68=,xRILmATzUp2mkABET6XjegPDALg=
57,4,yJaOZm7lY/lRkJZlx3rj2NA6t68=,xRILmATzUp2mkABET6XjegPDALg=
62,3,yJaOZm7lY/lRkJZlx3rj2NA6t68=,xRILmATzUp2mkABET6XjegPDALg=
61,3,yJaOZm7lY/lRkJZlx3rj2NA6t68=,xRILmATzUp2mkABET6XjegPDALg=
60,13,yJaOZm7lY/lRkJZlx3rj2NA6t68=,Vl+0vn3pl61OffiXHV6XsCAd6Zw=
61,13,yJaOZm7lY/lRkJZlx3rj2NA6t68=,Vl+0vn3pl61OffiXHV6XsCAd6Zw=
62,13,yJaOZm7lY/lRkJZlx3rj2NA6t68=,Vl+0vn3pl61OffiXHV6XsCAd6Zw=
63,13,yJaOZm7lY/lRkJZlx3rj2NA6t68=,Vl+0vn3pl61OffiXHV6XsCAd6Zw=
57,14,yJaOZm7lY/lRkJZlx3rj2NA6t68=,Vl+0vn3pl61OffiXHV6XsCAd6Zw=
58,14,yJaOZm7lY/lRkJZlx3rj2NA6t68=,Vl+0vn3pl61OffiXHV6XsCAd6Zw=
59,14,yJaOZm7lY/lRkJZlx3rj2NA6t68=,Vl+0vn3pl61OffiXHV6XsCAd6Zw=
57,8,yJaOZm7lY/lRkJZlx3rj2NA6t68=,Vl+0vn3pl61OffiXHV6XsCAd6Zw=
60,14,yJaOZm7lY/lRkJZlx3rj2NA6t68=,Vl+0vn3pl61OffiXHV6XsCAd6Zw=
58,8,yJaOZm7lY/lRkJZlx3rj2NA6t68=,Vl+0vn3pl61OffiXHV6XsCAd6Zw=
61,14,yJaOZm7lY/lRkJZlx3rj2NA6t68=,Vl+0vn3pl61OffiXHV6XsCAd6Zw=
62,14,yJaOZm7lY/lRkJZlx3rj2NA6t68=,Vl+0vn3pl61OffiXHV6XsCAd6Zw=
63,14,yJaOZm7lY/lRkJZlx3rj2NA6t68=,Vl+0vn3pl61OffiXHV6XsCAd6Zw=
57,15,yJaOZm7lY/lRkJZlx3rj2NA6t68=,Vl+0vn3pl61OffiXHV6XsCAd6Zw=
58,15,yJaOZm7lY/lRkJZlx3rj2NA6t68=,Vl+0vn3pl61OffiXHV6XsCAd6Zw=
59,8,yJaOZm7lY/lRkJZlx3rj2NA6t68=,Vl+0vn3pl61OffiXHV6XsCAd6Zw=
59,15,yJaOZm7lY/lRkJZlx3rj2NA6t68=,Vl+0vn3pl61OffiXHV6XsCAd6Zw=
60,8,yJaOZm7lY/lRkJZlx3rj2NA6t68=,Vl+0vn3pl61OffiXHV6XsCAd6Zw=
61,8,yJaOZm7lY/lRkJZlx3rj2NA6t68=,Vl+0vn3pl61OffiXHV6XsCAd6Zw=
62,8,yJaOZm7lY/lRkJZlx3rj2NA6t68=,Vl+0vn3pl61OffiXHV6XsCAd6Zw=
57,9,yJaOZm7lY/lRkJZlx3rj2NA6t68=,Vl+0vn3pl61OffiXHV6XsCAd6Zw=
58,9,yJaOZm7lY/lRkJZlx3rj2NA6t68=,Vl+0vn3pl61OffiXHV6XsCAd6Zw=
59,9,yJaOZm7lY/lRkJZlx3rj2NA6t68=,Vl+0vn3pl61OffiXHV6XsCAd6Zw=
60,9,yJaOZm7lY/lRkJZlx3rj2NA6t68=,Vl+0vn3pl61OffiXHV6XsCAd6Zw=
60,15,yJaOZm7lY/lRkJZlx3rj2NA6t68=,Vl+0vn3pl61OffiXHV6XsCAd6Zw=
61,9,yJaOZm7lY/lRkJZlx3rj2NA6t68=,Vl+0vn3pl61OffiXHV6XsCAd6Zw=
62,9,yJaOZm7lY/lRkJZlx3rj2NA6t68=,Vl+0vn3pl61OffiXHV6XsCAd6Zw=
63,9,yJaOZm7lY/lRkJZlx3rj2NA6t68=,Vl+0vn3pl61OffiXHV6XsCAd6Zw=
57,10,yJaOZm7lY/lRkJZlx3rj2NA6t68=,Vl+0vn3pl61OffiXHV6XsCAd6Zw=
58,10,yJaOZm7lY/lRkJZlx3rj2NA6t68=,Vl+0vn3pl61OffiXHV6XsCAd6Zw=
61,15,yJaOZm7lY/lRkJZlx3rj2NA6t68=,Vl+0vn3pl61OffiXHV6XsCAd6Zw=
62,15,yJaOZm7lY/lRkJZlx3rj2NA6t68=,Vl+0vn3pl61OffiXHV6XsCAd6Zw=
59,10,yJaOZm7lY/lRkJZlx3rj2NA6t68=,Vl+0vn3pl61OffiXHV6XsCAd6Zw=
60,10,yJaOZm7lY/lRkJZlx3rj2NA6t68=,Vl+0vn3pl61OffiXHV6XsCAd6Zw=
61,10,yJaOZm7lY/lRkJZlx3rj2NA6t68=,Vl+0vn3pl61OffiXHV6XsCAd6Zw=
62,10,yJaOZm7lY/lRkJZlx3rj2NA6t68=,Vl+0vn3pl61OffiXHV6XsCAd6Zw=
63,10,yJaOZm7lY/lRkJZlx3rj2NA6t68=,Vl+0vn3pl61OffiXHV6XsCAd6Zw=
57,11,yJaOZm7lY/lRkJZlx3rj2NA6t68=,Vl+0vn3pl61OffiXHV6XsCAd6Zw=
58,11,yJaOZm7lY/lRkJZlx3rj2NA6t68=,Vl+0vn3pl61OffiXHV6XsCAd6Zw=
59,11,yJaOZm7lY/lRkJZlx3rj2NA6t68=,Vl+0vn3pl61OffiXHV6XsCAd6Zw=
60,11,yJaOZm7lY/lRkJZlx3rj2NA6t68=,Vl+0vn3pl61OffiXHV6XsCAd6Zw=
61,11,yJaOZm7lY/lRkJZlx3rj2NA6t68=,Vl+0vn3pl61OffiXHV6XsCAd6Zw=
62,11,yJaOZm7lY/lRkJZlx3rj2NA6t68=,Vl+0vn3pl61OffiXHV6XsCAd6Zw=
63,11,yJaOZm7lY/lRkJZlx3rj2NA6t68=,Vl+0vn3pl61OffiXHV6XsCAd6Zw=
57,12,yJaOZm7lY/lRkJZlx3rj2NA6t68=,Vl+0vn3pl61OffiXHV6XsCAd6Zw=
58,12,yJaOZm7lY/lRkJZlx3rj2NA6t68=,Vl+0vn3pl61OffiXHV6XsCAd6Zw=
59,12,yJaOZm7lY/lRkJZlx3rj2NA6t68=,Vl+0vn3pl61OffiXHV6XsCAd6Zw=
60,12,yJaOZm7lY/lRkJZlx3rj2NA6t68=,Vl+0vn3pl61OffiXHV6XsCAd6Zw=
57,7,yJaOZm7lY/lRkJZlx3rj2NA6t68=,xRILmATzUp2mkABET6XjegPDALg=
61,12,yJaOZm7lY/lRkJZlx3rj2NA6t68=,Vl+0vn3pl61OffiXHV6XsCAd6Zw=
58,7,yJaOZm7lY/lRkJZlx3rj2NA6t68=,xRILmATzUp2mkABET6XjegPDALg=
62,12,yJaOZm7lY/lRkJZlx3rj2NA6t68=,Vl+0vn3pl61OffiXHV6XsCAd6Zw=
59,7,yJaOZm7lY/lRkJZlx3rj2NA6t68=,xRILmATzUp2mkABET6XjegPDALg=
60,7,yJaOZm7lY/lRkJZlx3rj2NA6t68=,xRILmATzUp2mkABET6XjegPDALg=
63,12,yJaOZm7lY/lRkJZlx3rj2NA6t68=,Vl+0vn3pl61OffiXHV6XsCAd6Zw=
61,7,yJaOZm7lY/lRkJZlx3rj2NA6t68=,xRILmATzUp2mkABET6XjegPDALg=
62,7,yJaOZm7lY/lRkJZlx3rj2NA6t68=,xRILmATzUp2mkABET6XjegPDALg=
57,13,yJaOZm7lY/lRkJZlx3rj2NA6t68=,Vl+0vn3pl61OffiXHV6XsCAd6Zw=
58,13,yJaOZm7lY/lRkJZlx3rj2NA6t68=,Vl+0vn3pl61OffiXHV6XsCAd6Zw=
59,13,yJaOZm7lY/lRkJZlx3rj2NA6t68=,Vl+0vn3pl61OffiXHV6XsCAd6Zw=
63,8,yJaOZm7lY/lRkJZlx3rj2NA6t68=,Vl+0vn3pl61OffiXHV6XsCAd6Zw=
63,3,yJaOZm7lY/lRkJZlx3rj2NA6t68=,xRILmATzUp2mkABET6XjegPDALg=
63,4,yJaOZm7lY/lRkJZlx3rj2NA6t68=,xRILmATzUp2mkABET6XjegPDALg=
63,1,yJaOZm7lY/lRkJZlx3rj2NA6t68=,xRILmATzUp2mkABET6XjegPDALg=
63,5,yJaOZm7lY/lRkJZlx3rj2NA6t68=,xRILmATzUp2mkABET6XjegPDALg=
63,6,yJaOZm7lY/lRkJZlx3rj2NA6t68=,xRILmATzUp2mkABET6XjegPDALg=
63,2,yJaOZm7lY/lRkJZlx3rj2NA6t68=,xRILmATzUp2mkABET6XjegPDALg=
63,7,yJaOZm7lY/lRkJZlx3rj2NA6t68=,xRILmATzUp2mkABET6XjegPDALg=
57,0,yJaOZm7lY/lRkJZlx3rj2NA6t68=,xRILmATzUp2mkABET6XjegPDALg=
58,0,yJaOZm7lY/lRkJZlx3rj2NA6t68=,xRILmATzUp2mkABET6XjegPDALg=
59,0,yJaOZm7lY/lRkJZlx3rj2NA6t68=,xRILmATzUp2mkABET6XjegPDALg=
60,0,yJaOZm7lY/lRkJZlx3rj2NA6t68=,xRILmATzUp2mkABET6XjegPDALg=
61,0,yJaOZm7lY/lRkJZlx3rj2NA6t68=,xRILmATzUp2mkABET6XjegPDALg=
62,0,yJaOZm7lY/lRkJZlx3rj2NA6t68=,xRILmATzUp2mkABET6XjegPDALg=
63,0,yJaOZm7lY/lRkJZlx3rj2NA6t68=,xRILmATzUp2mkABET6XjegPDALg=
63,15,yJaOZm7lY/lRkJZlx3rj2NA6t68=,Vl+0vn3pl61OffiXHV6XsCAd6Zw=
50,1,yJaOZm7lY/lRkJZlx3rj2NA6t68=,gchggT9Ci6/9goTNJtVbwCn9WQc=
52,3,yJaOZm7lY/lRkJZlx3rj2NA6t68=,gchggT9Ci6/9goTNJtVbwCn9WQc=
53,3,yJaOZm7lY/lRkJZlx3rj2NA6t68=,gchggT9Ci6/9goTNJtVbwCn9WQc=
51,1,yJaOZm7lY/lRkJZlx3rj2NA6t68=,gchggT9Ci6/9goTNJtVbwCn9WQc=
54,3,yJaOZm7lY/lRkJZlx3rj2NA6t68=,gchggT9Ci6/9goTNJtVbwCn9WQc=
55,3,yJaOZm7lY/lRkJZlx3rj2NA6t68=,gchggT9Ci6/9goTNJtVbwCn9WQc=
48,4,yJaOZm7lY/lRkJZlx3rj2NA6t68=,gchggT9Ci6/9goTNJtVbwCn9WQc=
49,4,yJaOZm7lY/lRkJZlx3rj2NA6t68=,gchggT9Ci6/9goTNJtVbwCn9WQc=
48,0,yJaOZm7lY/lRkJZlx3rj2NA6t68=,gchggT9Ci6/9goTNJtVbwCn9WQc=
54,2,yJaOZm7lY/lRkJZlx3rj2NA6t68=,gchggT9Ci6/9goTNJtVbwCn9WQc=
50,4,yJaOZm7lY/lRkJZlx3rj2NA6t68=,gchggT9Ci6/9goTNJtVbwCn9WQc=
51,3,yJaOZm7lY/lRkJZlx3rj2NA6t68=,gchggT9Ci6/9goTNJtVbwCn9WQc=
53,2,yJaOZm7lY/lRkJZlx3rj2NA6t68=,gchggT9Ci6/9goTNJtVbwCn9WQc=
48,2,yJaOZm7lY/lRkJZlx3rj2NA6t68=,gchggT9Ci6/9goTNJtVbwCn9WQc=
55,1,yJaOZm7lY/lRkJZlx3rj2NA6t68=,gchggT9Ci6/9goTNJtVbwCn9WQc=
52,1,yJaOZm7lY/lRkJZlx3rj2NA6t68=,gchggT9Ci6/9goTNJtVbwCn9WQc=
49,2,yJaOZm7lY/lRkJZlx3rj2NA6t68=,gchggT9Ci6/9goTNJtVbwCn9WQc=
51,0,yJaOZm7lY/lRkJZlx3rj2NA6t68=,gchggT9Ci6/9goTNJtVbwCn9WQc=
51,4,yJaOZm7lY/lRkJZlx3rj2NA6t68=,gchggT9Ci6/9goTNJtVbwCn9WQc=
50,3,yJaOZm7lY/lRkJZlx3rj2NA6t68=,gchggT9Ci6/9goTNJtVbwCn9WQc=
52,2,yJaOZm7lY/lRkJZlx3rj2NA6t68=,gchggT9Ci6/9goTNJtVbwCn9WQc=
56,3,yJaOZm7lY/lRkJZlx3rj2NA6t68=,xRILmATzUp2mkABET6XjegPDALg=
56,2,yJaOZm7lY/lRkJZlx3rj2NA6t68=,xRILmATzUp2mkABET6XjegPDALg=
56,6,yJaOZm7lY/lRkJZlx3rj2NA6t68=,xRILmATzUp2mkABET6XjegPDALg=
52,4,yJaOZm7lY/lRkJZlx3rj2NA6t68=,gchggT9Ci6/9goTNJtVbwCn9WQc=
53,4,yJaOZm7lY/lRkJZlx3rj2NA6t68=,gchggT9Ci6/9goTNJtVbwCn9WQc=
54,4,yJaOZm7lY/lRkJZlx3rj2NA6t68=,gchggT9Ci6/9goTNJtVbwCn9WQc=
55,4,yJaOZm7lY/lRkJZlx3rj2NA6t68=,gchggT9Ci6/9goTNJtVbwCn9WQc=
50,0,yJaOZm7lY/lRkJZlx3rj2NA6t68=,gchggT9Ci6/9goTNJtVbwCn9WQc=
50,2,yJaOZm7lY/lRkJZlx3rj2NA6t68=,gchggT9Ci6/9goTNJtVbwCn9WQc=
56,4,yJaOZm7lY/lRkJZlx3rj2NA6t68=,xRILmATzUp2mkABET6XjegPDALg=
56,0,yJaOZm7lY/lRkJZlx3rj2NA6t68=,xRILmATzUp2mkABET6XjegPDALg=
51,2,yJaOZm7lY/lRkJZlx3rj2NA6t68=,gchggT9Ci6/9goTNJtVbwCn9WQc=
48,5,yJaOZm7lY/lRkJZlx3rj2NA6t68=,gchggT9Ci6/9goTNJtVbwCn9WQc=
55,2,yJaOZm7lY/lRkJZlx3rj2NA6t68=,gchggT9Ci6/9goTNJtVbwCn9WQc=
53,1,yJaOZm7lY/lRkJZlx3rj2NA6t68=,gchggT9Ci6/9goTNJtVbwCn9WQc=
49,1,yJaOZm7lY/lRkJZlx3rj2NA6t68=,gchggT9Ci6/9goTNJtVbwCn9WQc=
49,5,yJaOZm7lY/lRkJZlx3rj2NA6t68=,gchggT9Ci6/9goTNJtVbwCn9WQc=
48,1,yJaOZm7lY/lRkJZlx3rj2NA6t68=,gchggT9Ci6/9goTNJtVbwCn9WQc=
54,0,yJaOZm7lY/lRkJZlx3rj2NA6t68=,gchggT9Ci6/9goTNJtVbwCn9WQc=
55,0,yJaOZm7lY/lRkJZlx3rj2NA6t68=,gchggT9Ci6/9goTNJtVbwCn9WQc=
53,0,yJaOZm7lY/lRkJZlx3rj2NA6t68=,gchggT9Ci6/9goTNJtVbwCn9WQc=
50,5,yJaOZm7lY/lRkJZlx3rj2NA6t68=,gchggT9Ci6/9goTNJtVbwCn9WQc=
55,6,yJaOZm7lY/lRkJZlx3rj2NA6t68=,gchggT9Ci6/9goTNJtVbwCn9WQc=
56,5,yJaOZm7lY/lRkJZlx3rj2NA6t68=,xRILmATzUp2mkABET6XjegPDALg=
52,0,yJaOZm7lY/lRkJZlx3rj2NA6t68=,gchggT9Ci6/9goTNJtVbwCn9WQc=
51,5,yJaOZm7lY/lRkJZlx3rj2NA6t68=,gchggT9Ci6/9goTNJtVbwCn9WQc=
52,5,yJaOZm7lY/lRkJZlx3rj2NA6t68=,gchggT9Ci6/9goTNJtVbwCn9WQc=
53,5,yJaOZm7lY/lRkJZlx3rj2NA6t68=,gchggT9Ci6/9goTNJtVbwCn9WQc=
54,5,yJaOZm7lY/lRkJZlx3rj2NA6t68=,gchggT9Ci6/9goTNJtVbwCn9WQc=
55,5,yJaOZm7lY/lRkJZlx3rj2NA6t68=,gchggT9Ci6/9goTNJtVbwCn9WQc=
48,3,yJaOZm7lY/lRkJZlx3rj2NA6t68=,gchggT9Ci6/9goTNJtVbwCn9WQc=
54,1,yJaOZm7lY/lRkJZlx3rj2NA6t68=,gchggT9Ci6/9goTNJtVbwCn9WQc=
49,0,yJaOZm7lY/lRkJZlx3rj2NA6t68=,gchggT9Ci6/9goTNJtVbwCn9WQc=
49,3,yJaOZm7lY/lRkJZlx3rj2NA6t68=,gchggT9Ci6/9goTNJtVbwCn9WQc=
54,6,yJaOZm7lY/lRkJZlx3rj2NA6t68=,gchggT9Ci6/9goTNJtVbwCn9WQc=
48,6,yJaOZm7lY/lRkJZlx3rj2NA6t68=,gchggT9Ci6/9goTNJtVbwCn9WQc=
53,6,yJaOZm7lY/lRkJZlx3rj2NA6t68=,gchggT9Ci6/9goTNJtVbwCn9WQc=
52,6,yJaOZm7lY/lRkJZlx3rj2NA6t68=,gchggT9Ci6/9goTNJtVbwCn9WQc=
56,1,yJaOZm7lY/lRkJZlx3rj2NA6t68=,xRILmATzUp2mkABET6XjegPDALg=
49,6,yJaOZm7lY/lRkJZlx3rj2NA6t68=,gchggT9Ci6/9goTNJtVbwCn9WQc=
51,6,yJaOZm7lY/lRkJZlx3rj2NA6t68=,gchggT9Ci6/9goTNJtVbwCn9WQc=
50,6,yJaOZm7lY/lRkJZlx3rj2NA6t68=,gchggT9Ci6/9goTNJtVbwCn9WQc=
56,14,yJaOZm7lY/lRkJZlx3rj2NA6t68=,Vl+0vn3pl61OffiXHV6XsCAd6Zw=
55,15,yJaOZm7lY/lRkJZlx3rj2NA6t68=,pvXgoqTYWJrqhHjetxMJ2yjf18w=
55,7,yJaOZm7lY/lRkJZlx3rj2NA6t68=,gchggT9Ci6/9goTNJtVbwCn9WQc=
54,10,yJaOZm7lY/lRkJZlx3rj2NA6t68=,pvXgoqTYWJrqhHjetxMJ2yjf18w=
54,7,yJaOZm7lY/lRkJZlx3rj2NA6t68=,gchggT9Ci6/9goTNJtVbwCn9WQc=
53,7,yJaOZm7lY/lRkJZlx3rj2NA6t68=,gchggT9Ci6/9goTNJtVbwCn9WQc=
56,8,yJaOZm7lY/lRkJZlx3rj2NA6t68=,Vl+0vn3pl61OffiXHV6XsCAd6Zw=
56,15,yJaOZm7lY/lRkJZlx3rj2NA6t68=,Vl+0vn3pl61OffiXHV6XsCAd6Zw=
52,7,yJaOZm7lY/lRkJZlx3rj2NA6t68=,gchggT9Ci6/9goTNJtVbwCn9WQc=
54,15,yJaOZm7lY/lRkJZlx3rj2NA6t68=,pvXgoqTYWJrqhHjetxMJ2yjf18w=
55,10,yJaOZm7lY/lRkJZlx3rj2NA6t68=,pvXgoqTYWJrqhHjetxMJ2yjf18w=
53,15,yJaOZm7lY/lRkJZlx3rj2NA6t68=,pvXgoqTYWJrqhHjetxMJ2yjf18w=
56,13,yJaOZm7lY/lRkJZlx3rj2NA6t68=,Vl+0vn3pl61OffiXHV6XsCAd6Zw=
48,11,yJaOZm7lY/lRkJZlx3rj2NA6t68=,pvXgoqTYWJrqhHjetxMJ2yjf18w=
49,11,yJaOZm7lY/lRkJZlx3rj2NA6t68=,pvXgoqTYWJrqhHjetxMJ2yjf18w=
51,7,yJaOZm7lY/lRkJZlx3rj2NA6t68=,gchggT9Ci6/9goTNJtVbwCn9WQc=
53,10,yJaOZm7lY/lRkJZlx3rj2NA6t68=,pvXgoqTYWJrqhHjetxMJ2yjf18w=
50,7,yJaOZm7lY/lRkJZlx3rj2NA6t68=,gchggT9Ci6/9goTNJtVbwCn9WQc=
50,11,yJaOZm7lY/lRkJZlx3rj2NA6t68=,pvXgoqTYWJrqhHjetxMJ2yjf18w=
52,15,yJaOZm7lY/lRkJZlx3rj2NA6t68=,pvXgoqTYWJrqhHjetxMJ2yjf18w=
51,15,yJaOZm7lY/lRkJZlx3rj2NA6t68=,pvXgoqTYWJrqhHjetxMJ2yjf18w=
51,11,yJaOZm7lY/lRkJZlx3rj2NA6t68=,pvXgoqTYWJrqhHjetxMJ2yjf18w=
51,10,yJaOZm7lY/lRkJZlx3rj2NA6t68=,pvXgoqTYWJrqhHjetxMJ2yjf18w=
52,10,yJaOZm7lY/lRkJZlx3rj2NA6t68=,pvXgoqTYWJrqhHjetxMJ2yjf18w=
52,11,yJaOZm7lY/lRkJZlx3rj2NA6t68=,pvXgoqTYWJrqhHjetxMJ2yjf18w=
49,10,yJaOZm7lY/lRkJZlx3rj2NA6t68=,pvXgoqTYWJrqhHjetxMJ2yjf18w=
50,10,yJaOZm7lY/lRkJZlx3rj2NA6t68=,pvXgoqTYWJrqhHjetxMJ2yjf18w=
53,11,yJaOZm7lY/lRkJZlx3rj2NA6t68=,pvXgoqTYWJrqhHjetxMJ2yjf18w=
48,10,yJaOZm7lY/lRkJZlx3rj2NA6t68=,pvXgoqTYWJrqhHjetxMJ2yjf18w=
54,11,yJaOZm7lY/lRkJZlx3rj2NA6t68=,pvXgoqTYWJrqhHjetxMJ2yjf18w=
55,9,yJaOZm7lY/lRkJZlx3rj2NA6t68=,pvXgoqTYWJrqhHjetxMJ2yjf18w=
55,11,yJaOZm7lY/lRkJZlx3rj2NA6t68=,pvXgoqTYWJrqhHjetxMJ2yjf18w=
48,12,yJaOZm7lY/lRkJZlx3rj2NA6t68=,pvXgoqTYWJrqhHjetxMJ2yjf18w=
54,9,yJaOZm7lY/lRkJZlx3rj2NA6t68=,pvXgoqTYWJrqhHjetxMJ2yjf18w=
50,15,yJaOZm7lY/lRkJZlx3rj2NA6t68=,pvXgoqTYWJrqhHjetxMJ2yjf18w=
49,12,yJaOZm7lY/lRkJZlx3rj2NA6t68=,pvXgoqTYWJrqhHjetxMJ2yjf18w=
49,15,yJaOZm7lY/lRkJZlx3rj2NA6t68=,pvXgoqTYWJrqhHjetxMJ2yjf18w=
53,9,yJaOZm7lY/lRkJZlx3rj2NA6t68=,pvXgoqTYWJrqhHjetxMJ2yjf18w=
52,9,yJaOZm7lY/lRkJZlx3rj2NA6t68=,pvXgoqTYWJrqhHjetxMJ2yjf18w=
56,7,yJaOZm7lY/lRkJZlx3rj2NA6t68=,xRILmATzUp2mkABET6XjegPDALg=
51,9,yJaOZm7lY/lRkJZlx3rj2NA6t68=,pvXgoqTYWJrqhHjetxMJ2yjf18w=
50,9,yJaOZm7lY/lRkJZlx3rj2NA6t68=,pvXgoqTYWJrqhHjetxMJ2yjf18w=
48,9,yJaOZm7lY/lRkJZlx3rj2NA6t68=,pvXgoqTYWJrqhHjetxMJ2yjf18w=
49,9,yJaOZm7lY/lRkJZlx3rj2NA6t68=,pvXgoqTYWJrqhHjetxMJ2yjf18w=
55,14,yJaOZm7lY/lRkJZlx3rj2NA6t68=,pvXgoqTYWJrqhHjetxMJ2yjf18w=
54,14,yJaOZm7lY/lRkJZlx3rj2NA6t68=,pvXgoqTYWJrqhHjetxMJ2yjf18w=
48,15,yJaOZm7lY/lRkJZlx3rj2NA6t68=,pvXgoqTYWJrqhHjetxMJ2yjf18w=
55,8,yJaOZm7lY/lRkJZlx3rj2NA6t68=,pvXgoqTYWJrqhHjetxMJ2yjf18w=
49,7,yJaOZm7lY/lRkJZlx3rj2NA6t68=,gchggT9Ci6/9goTNJtVbwCn9WQc=
54,8,yJaOZm7lY/lRkJZlx3rj2NA6t68=,pvXgoqTYWJrqhHjetxMJ2yjf18w=
53,8,yJaOZm7lY/lRkJZlx3rj2NA6t68=,pvXgoqTYWJrqhHjetxMJ2yjf18w=
53,14,yJaOZm7lY/lRkJZlx3rj2NA6t68=,pvXgoqTYWJrqhHjetxMJ2yjf18w=
52,8,yJaOZm7lY/lRkJZlx3rj2NA6t68=,pvXgoqTYWJrqhHjetxMJ2yjf18w=
51,8,yJaOZm7lY/lRkJZlx3rj2NA6t68=,pvXgoqTYWJrqhHjetxMJ2yjf18w=
50,8,yJaOZm7lY/lRkJZlx3rj2NA6t68=,pvXgoqTYWJrqhHjetxMJ2yjf18w=
49,8,yJaOZm7lY/lRkJZlx3rj2NA6t68=,pvXgoqTYWJrqhHjetxMJ2yjf18w=
48,8,yJaOZm7lY/lRkJZlx3rj2NA6t68=,pvXgoqTYWJrqhHjetxMJ2yjf18w=
56,12,yJaOZm7lY/lRkJZlx3rj2NA6t68=,Vl+0vn3pl61OffiXHV6XsCAd6Zw=
52,14,yJaOZm7lY/lRkJZlx3rj2NA6t68=,pvXgoqTYWJrqhHjetxMJ2yjf18w=
50,12,yJaOZm7lY/lRkJZlx3rj2NA6t68=,pvXgoqTYWJrqhHjetxMJ2yjf18w=
51,12,yJaOZm7lY/lRkJZlx3rj2NA6t68=,pvXgoqTYWJrqhHjetxMJ2yjf18w=
48,7,yJaOZm7lY/lRkJZlx3rj2NA6t68=,gchggT9Ci6/9goTNJtVbwCn9WQc=
52,12,yJaOZm7lY/lRkJZlx3rj2NA6t68=,pvXgoqTYWJrqhHjetxMJ2yjf18w=
50,14,yJaOZm7lY/lRkJZlx3rj2NA6t68=,pvXgoqTYWJrqhHjetxMJ2yjf18w=
49,14,yJaOZm7lY/lRkJZlx3rj2NA6t68=,pvXgoqTYWJrqhHjetxMJ2yjf18w=
56,9,yJaOZm7lY/lRkJZlx3rj2NA6t68=,Vl+0vn3pl61OffiXHV6XsCAd6Zw=
48,14,yJaOZm7lY/lRkJZlx3rj2NA6t68=,pvXgoqTYWJrqhHjetxMJ2yjf18w=
51,14,yJaOZm7lY/lRkJZlx3rj2NA6t68=,pvXgoqTYWJrqhHjetxMJ2yjf18w=
55,13,yJaOZm7lY/lRkJZlx3rj2NA6t68=,pvXgoqTYWJrqhHjetxMJ2yjf18w=
54,13,yJaOZm7lY/lRkJZlx3rj2NA6t68=,pvXgoqTYWJrqhHjetxMJ2yjf18w=
53,13,yJaOZm7lY/lRkJZlx3rj2NA6t68=,pvXgoqTYWJrqhHjetxMJ2yjf18w=
51,13,yJaOZm7lY/lRkJZlx3rj2NA6t68=,pvXgoqTYWJrqhHjetxMJ2yjf18w=
56,11,yJaOZm7lY/lRkJZlx3rj2NA6t68=,Vl+0vn3pl61OffiXHV6XsCAd6Zw=
50,13,yJaOZm7lY/lRkJZlx3rj2NA6t68=,pvXgoqTYWJrqhHjetxMJ2yjf18w=
49,13,yJaOZm7lY/lRkJZlx3rj2NA6t68=,pvXgoqTYWJrqhHjetxMJ2yjf18w=
56,10,yJaOZm7lY/lRkJZlx3rj2NA6t68=,Vl+0vn3pl61OffiXHV6XsCAd6Zw=
48,13,yJaOZm7lY/lRkJZlx3rj2NA6t68=,pvXgoqTYWJrqhHjetxMJ2yjf18w=
55,12,yJaOZm7lY/lRkJZlx3rj2NA6t68=,pvXgoqTYWJrqhHjetxMJ2yjf18w=
54,12,yJaOZm7lY/lRkJZlx3rj2NA6t68=,pvXgoqTYWJrqhHjetxMJ2yjf18w=
52,13,yJaOZm7lY/lRkJZlx3rj2NA6t68=,pvXgoqTYWJrqhHjetxMJ2yjf18w=
53,12,yJaOZm7lY/lRkJZlx3rj2NA6t68=,pvXgoqTYWJrqhHjetxMJ2yjf18w=
